tree
version=v2
num_class=1
num_tree_per_iteration=1
label_index=0
max_feature_idx=25
objective=binary sigmoid:1
feature_names=junction repeat cons_2 ALU methylation cons_1 H3k27ac TF graph_28 graph_33 A-to-I graph_59 graph_16 graph_22 graph_7 graph_81 graph_101 graph_88 SNP graph_19 graph_51 graph_30 graph_35 graph_6 graph_96 graph_97
feature_infos=[0:1] [0:0.83458646599999997] [0:1] [0:0.88888888900000007] [0:0.98880976600000003] [-0.32149200700000002:0.92495559500000002] [0:0.98068671799999996] [0:0.88571428599999991] [0:1] [0:0.92125082400000002] [0:0.93125000000000002] [0:0.83359324800000001] [0:0.77674538700000006] [0:0.44208660500000002] [0:0.95748627100000006] [0:0.51500157700000004] [0:1] [0:0.63544771499999997] [0:0.470080104] [0:0.95283638100000001] [0:0.67539289499999999] [0:1] [0:0.65800021399999997] [0:0.43319838100000002] [0:0.93868806100000002] [0:0.80659811400000003]
tree_sizes=1636 1085 1089 1019 1164 944 1021 1637 939 1020 1616 1022 1648 1024 1026 1654 1021 1654 1655 1643 1028 1023 1654 1653 1647 1026 952 1656 1033 950 1028

Tree=0
num_leaves=20
num_cat=0
split_feature=0 9 0 6 5 22 13 20 13 6 6 22 5 6 9 5 9 12 0
split_gain=234.038 147.32 104.046 77.8456 42.2285 30.1019 29.118 18.9491 15.1317 12.2539 11.2228 10.2044 9.94541 7.28178 5.00739 5.18456 5.14848 3.8971 3.89079
threshold=1.0000000180025095e-35 0.14836382550000002 0.0075764620000000008 0.0032528230000000006 0.10489899500000001 0.044716496500000001 0.081838989000000015 0.097944565500000011 0.10824839300000001 1.0000000180025095e-35 0.0097584535000000017 0.14571388100000002 0.048445245500000018 0.0036046395000000008 0.11390893650000002 0.053402433500000006 1.0000000180025095e-35 0.096728632500000009 0.0050628865000000014
decision_type=2 2 2 2 2 2 2 2 2 2 2 2 2 2 2 2 2 2 2
left_child=1 5 18 17 -3 8 11 12 10 -9 -1 -5 -7 -6 16 -16 -11 -4 -2
right_child=2 4 3 6 13 7 -8 9 -10 14 -12 -13 -14 -15 15 -17 -18 -19 -20
leaf_value=0.013908946780822922 0.23472955301294565 0.19892555225677938 -0.12550348133067313 0.20228654784597472 -0.12409686582106144 0.10093098883404031 -0.028079402264890599 0.011069515028557353 -0.11213435419571777 -0.067774411354558167 0.19566313552974821 0.07204965097161059 -0.05970890479811615 0.044091700816615648 -0.0011919474394271323 -0.13355899597837401 -0.15228420066458695 -0.024656372423949899 0.1805022582208787
leaf_count=38 210 112 71 99 20 21 38 25 23 33 21 32 57 21 22 26 279 20 74
internal_value=0 -0.766538 0.983488 0.068885 0.96723 -1.25344 0.872065 -1.45125 -0.135573 -1.63345 0.400687 1.31911 -0.550314 -0.76742 -1.72749 -1.11877 -1.82055 -1.42148 1.82028
internal_count=1242 698 544 260 153 545 169 463 82 385 59 131 78 41 360 48 312 91 284
shrinkage=1


Tree=1
num_leaves=13
num_cat=0
split_feature=7 7 7 11 17 0 17 0 22 24 11 0
split_gain=442.59 293.234 137.818 66.8624 15.9966 11.4391 10.5404 5.09787 4.73032 4.14864 0.529927 0.0533093
threshold=0.025396825500000005 1.0000000180025095e-35 0.036507936500000011 0.19821913800000004 0.120065925 0.00079057300000000014 0.12071683700000001 0.011598325500000001 0.10836628900000002 0.07411492950000001 0.19368300150000003 1.0000000180025095e-35
decision_type=2 2 2 2 2 2 2 2 2 2 2 2
left_child=1 10 11 4 5 -4 8 -7 -5 -6 -1 -2
right_child=2 -3 3 6 9 7 -8 -9 -10 -11 -12 -13
leaf_value=0.1867636030005114 0.1924410598494761 -0.1922167158146669 -0.0712453117583704 -0.084462916645098363 0.07811744992486469 0.16095968861116772 -0.0019418093639394962 0.017456056177049165 -0.18977953524829166 0.18381776368577696 0.14622675111135816 0.18269748492352345
leaf_count=84 114 482 32 25 22 20 22 20 58 50 20 293
internal_value=0 -1.26466 1.13434 -0.0410624 0.847752 0.178283 -1.25661 0.893865 -1.58304 1.51733 1.79187 1.85503
internal_count=1242 586 656 249 144 72 105 40 83 72 104 407
shrinkage=0.1


Tree=2
num_leaves=13
num_cat=0
split_feature=7 7 7 11 19 1 25 4 19 12 2 22
split_gain=365.878 242.273 115.22 54.954 14.3291 9.54589 5.69929 6.16039 5.19081 0.749 0.649183 0.0145722
threshold=0.025396825500000005 1.0000000180025095e-35 0.036507936500000011 0.19821913800000004 0.34285569000000005 0.022772448500000004 0.10232555300000001 0.48428705850000014 0.30241444000000006 0.07840118950000001 0.92060523650000015 0.18802142100000002
decision_type=2 2 2 2 2 2 2 2 2 2 2 2
left_child=1 10 -2 4 6 8 -4 -8 -5 -6 -1 -7
right_child=2 -3 3 5 9 11 7 -9 -10 -11 -12 -13
leaf_value=0.17306698468425108 0.17108148163202655 -0.17615203516129296 -0.054161740525908421 -0.10942361236034832 0.12681647931875148 -0.17608708783994984 -0.0054899198382023992 0.13212692497496781 0.024130903824224656 0.17342215520064563 0.12901492421972491 -0.15566556959207808
leaf_count=84 407 482 27 25 34 38 28 25 22 30 20 20
internal_value=0 -1.15951 1.04189 -0.0371795 0.774282 -1.14496 0.206117 0.592044 -0.470009 1.49046 1.64833 -1.69468
internal_count=1242 586 656 249 144 105 80 53 47 64 104 58
shrinkage=0.1


Tree=3
num_leaves=12
num_cat=0
split_feature=7 7 7 11 9 14 9 13 24 11 4
split_gain=306.525 203.297 98.2343 45.4463 20.0379 15.5802 8.2297 5.42443 2.39191 0.490239 0.0360384
threshold=0.025396825500000005 1.0000000180025095e-35 0.036507936500000011 0.19821913800000004 0.088407615500000022 0.085619281500000019 0.11099776100000001 0.04411929500000001 0.041839515500000014 0.19368300150000003 0.19077940000000002
decision_type=2 2 2 2 2 2 2 2 2 2 2
left_child=1 9 -2 4 5 -4 7 -5 -6 -1 -9
right_child=2 -3 3 6 8 -7 -8 10 -10 -11 -12
leaf_value=0.16096181426461925 0.15995285039086465 -0.16389786101748849 0.082910199670483353 -0.040445387571355379 0.082213134836193857 -0.11343811111155283 0.011296728152937502 -0.14682449753043847 0.16385098275039495 0.12175300207826023 -0.16780708774497413
leaf_count=84 407 482 35 20 21 31 20 20 57 20 45
internal_value=0 -1.07893 0.966756 -0.0340043 0.708936 -0.105672 -1.05119 -1.32909 1.41625 1.53551 -1.61731
internal_count=1242 586 656 249 144 66 105 85 78 104 65
shrinkage=0.1


Tree=4
num_leaves=14
num_cat=0
split_feature=7 7 7 9 13 22 24 6 22 6 8 2 9
split_gain=259.614 172.635 84.83 37.8697 21.5317 9.02774 4.62409 4.60527 4.75921 2.66926 0.781393 0.601087 0.0500252
threshold=0.025396825500000005 1.0000000180025095e-35 0.036507936500000011 0.12646590100000002 0.048355797500000006 0.12165682750000002 0.06282122100000001 0.0043082810000000015 0.14910778500000002 0.0097584535000000017 0.10652666100000001 0.92060523650000015 0.17497362899999999
decision_type=2 2 2 2 2 2 2 2 2 2 2 2 2
left_child=1 11 -2 4 5 9 -5 10 -9 -4 -6 -1 -8
right_child=2 -3 3 6 7 -7 12 8 -10 -11 -12 -13 -14
leaf_value=0.15266275085382086 0.15112655806940986 -0.15427137324887577 0.041610063414043399 0.037578750856387275 -0.1131761293768283 -0.06607049409236708 0.13846918963537649 0.012436675046057135 -0.12811239328013732 0.14202839910980739 -0.16503578400233732 0.10927469327761674 0.16128000371908469
leaf_count=84 407 482 25 20 20 25 20 20 21 20 44 20 34
internal_value=0 -1.01538 0.905292 -0.0313097 -0.55012 0.32224 1.21119 -1.14499 -0.598626 0.866992 -1.49033 1.44471 1.53362
internal_count=1242 586 656 249 175 70 74 105 41 45 64 104 54
shrinkage=0.1


Tree=5
num_leaves=11
num_cat=0
split_feature=7 7 7 11 9 14 1 3 9 2
split_gain=221.56 147.965 74.2059 34.378 13.8095 11.3258 7.90516 1.65682 1.41539 0.57327
threshold=0.025396825500000005 1.0000000180025095e-35 0.036507936500000011 0.19239825100000002 0.088407615500000022 0.085619281500000019 0.011302682000000003 1.0000000180025095e-35 0.098006644500000004 0.92060523650000015
decision_type=2 2 2 2 2 2 2 2 2 2
left_child=1 9 -2 4 5 -4 -5 -6 -8 -1
right_child=2 -3 3 6 7 -7 8 -9 -10 -11
leaf_value=0.14519545024919875 0.14398118658198156 -0.14653658073709447 0.075588997867038085 -0.013347166019183912 0.082599267026808032 -0.09497908221752914 -0.15186780596097746 0.14890009676590882 -0.084526205136856089 0.10212018744100732
leaf_count=84 407 482 35 35 26 30 52 51 20 20
internal_value=0 -0.964047 0.852129 -0.0288068 0.641267 -0.0402502 -0.92259 1.25846 -1.33086 1.36949
internal_count=1242 586 656 249 142 65 107 77 72 104
shrinkage=0.1


