tree
version=v2
num_class=1
num_tree_per_iteration=1
label_index=0
max_feature_idx=20
objective=binary sigmoid:1
feature_names=ALU miRNA repeat methylation junction cons_2 cons_1 graph_73 graph_6 TF H3k27ac graph_56 tri_39 graph_44 graph_83 graph_58 graph_79 tri_40 graph_97 tri_41 tri_17
feature_infos=[0:1] [0:1] [0:1] [0:0.97151576799999995] [0:0.31139989699999998] [0:1] [-0.72149616900000002:1] [0:0.61498862399999998] [0:0.67644788499999997] [0:1] [0:0.72263947900000003] [0:1] [0:1] [0:0.83425568599999989] [0:1] [0:0.98318116899999997] [0:1] [0:1] [0:1] [0:1] [0:1]
tree_sizes=940 1017 1631 1625 1166 1008 1093

Tree=0
num_leaves=11
num_cat=0
split_feature=9 9 9 9 9 8 20 10 5 6
split_gain=313.301 514.16 168.718 38.7461 68.6626 35.2911 8.89129 5.87095 2.77123 1.00814
threshold=0.025396825500000005 1.0000000180025095e-35 0.036507936500000011 0.050793650500000016 0.061904762000000009 0.063966175500000014 0.29864864850000006 0.0048257055000000002 0.9661679700000001 0.025992679000000001
decision_type=2 2 2 2 2 2 2 2 2 2
left_child=1 8 -2 -4 -5 6 -6 9 -1 -7
right_child=2 -3 3 4 5 7 -8 -9 -10 -11
leaf_value=0.17402975479557975 0.17411610923781667 -0.22582438234467533 -0.22519034053885595 0.17371465099178751 0.11104044569564428 -0.16485050384702171 -0.051637437536346968 -0.099210134545518996 0.093254059805650213 -0.22504459549179198
leaf_count=164 328 498 40 58 32 20 23 38 20 33
internal_value=0 -0.915542 1.09157 -0.167801 0.185304 -0.546024 0.717472 -1.31005 1.94067 -1.74054
internal_count=1254 682 572 244 204 146 55 91 184 53
shrinkage=1


Tree=1
num_leaves=12
num_cat=0
split_feature=9 9 9 1 1 16 2 9 5 9 9
split_gain=256.215 421.454 137.826 63.8649 37.4908 17.1856 12.987 6.51542 2.30623 0.0965687 0.0520104
threshold=0.025396825500000005 1.0000000180025095e-35 0.036507936500000011 1.0000000180025095e-35 0.040468113500000007 0.19528895800000004 0.011302682000000003 0.087301587500000014 0.9661679700000001 0.11269841250000001 0.061904762000000009
decision_type=2 2 2 2 2 2 2 2 2 2 2
left_child=1 8 -2 5 9 6 7 -4 -1 -5 -8
right_child=2 -3 3 4 -6 -7 10 -9 -10 -11 -12
leaf_value=0.18386705939814116 0.18393984396486304 -0.17973382228297305 0.035009059036861759 0.17647258770205768 -0.10346895508996086 0.054100259537878614 -0.16424888607669197 -0.11431914577751789 0.11005991965079172 0.20015252465840244 -0.18516155825853117
leaf_count=164 328 498 22 43 24 25 25 25 20 28 52
internal_value=0 -0.83361 0.989526 -0.152422 1.13126 -0.972911 -1.27926 -0.445667 1.75905 1.86212 -1.78717
internal_count=1254 682 572 244 95 149 124 47 184 71 77
shrinkage=0.1


Tree=2
num_leaves=20
num_cat=0
split_feature=1 17 1 13 5 17 11 17 17 17 13 17 6 8 17 6 17 18 18
split_gain=208.899 91.8614 87.7957 55.7608 38.0772 19.4086 13.2291 15.2556 12.8929 37.0385 6.47167 9.51057 6.61802 5.95471 4.35774 3.8575 3.7539 3.84126 2.70435
threshold=1.0000000180025095e-35 0.049848024000000012 0.040468113500000007 0.038612000000000007 0.62801768100000011 0.049848024000000012 0.046313187500000012 0.085410334500000018 0.035562310000000007 0.024924012500000002 0.21112570850000004 0.11033434650000001 0.045741325000000006 0.077392696000000011 0.14589665650000003 0.073231185000000018 0.11033434650000001 0.10575370000000002 0.15898027150000002
decision_type=2 2 2 2 2 2 2 2 2 2 2 2 2 2 2 2 2 2 2
left_child=1 8 16 14 -5 -4 7 -6 9 15 11 12 -8 -7 -3 -1 -2 -18 -9
right_child=2 3 5 4 6 13 10 18 -10 -11 -12 -13 -14 -15 -16 -17 17 -19 -20
leaf_value=0.17293967359191187 0.16558161408158456 0.0083949138620756023 0.12165076677284736 0.080233192889543281 0.056030013101303261 -0.035332312509237442 0.037298326541475489 -0.072118933413521977 0.17336149122459779 -0.16991743711135743 -0.16157050117619187 -0.14483999811474985 -0.11187655221592648 -0.14689179031151323 0.11172759992040691 0.076115467480406984 0.14993997252851574 0.035314055006275609 -0.15817822802092096
leaf_count=30 304 27 20 38 31 34 25 29 46 25 301 103 24 48 45 40 31 20 33
internal_value=0 -0.629854 1.09337 -0.951097 -1.16022 -0.568877 -1.29783 -0.597674 0.854581 0.425169 -1.44186 -1.09658 -0.35672 -1.00813 0.731986 1.17974 1.56971 1.053 -1.18159
internal_count=1254 797 457 656 584 102 546 93 141 95 453 152 49 82 72 70 355 51 62
shrinkage=0.1


Tree=3
num_leaves=20
num_cat=0
split_feature=1 17 1 7 11 20 17 20 0 20 17 8 19 15 5 17 17 5 17
split_gain=174.489 76.5751 73.8608 48.989 30.3442 29.9738 16.0469 15.4565 11.2232 10.9401 16.3648 5.26588 3.86096 3.22706 2.98458 3.663 2.95219 5.53054 2.55789
threshold=1.0000000180025095e-35 0.049848024000000012 0.040468113500000007 0.13132804700000003 0.12454249700000002 0.26513513500000002 0.049848024000000012 0.34567567550000006 0.012046485500000001 0.24162162150000002 0.11033434650000001 0.088639910000000016 0.27197802200000004 0.25376063600000004 0.91108466500000007 0.085410334500000018 0.035562310000000007 0.87742264550000004 0.11033434650000001
decision_type=2 2 2 2 2 2 2 2 2 2 2 2 2 2 2 2 2 2 2
left_child=1 7 12 4 5 13 -4 16 -7 10 -5 -8 -2 -3 15 -11 17 -1 -6
right_child=2 3 6 9 18 8 11 -9 -10 14 -12 -13 -14 -15 -16 -17 -18 -19 -20
leaf_value=0.15168426368538393 0.15316824739176238 0.08221671372837186 0.11142166287281619 0.070850827960814808 -0.063456411495048437 0.017430971002840957 -0.0382674678367253 -0.030491172420277525 -0.14849449982888827 -0.035278750634950777 -0.12696077383435037 -0.14263149221321644 0.080588950578341867 0.1638876937511809 -0.15563556028196721 -0.13861127737605039 0.16180530606306703 0.024403064854812695 -0.14130385275415155
leaf_count=30 320 40 20 26 28 37 39 39 32 21 53 43 35 42 276 48 44 28 53
internal_value=0 -0.582503 1.01381 -0.879257 -0.122784 0.415378 -0.521892 0.791168 -0.584244 -1.2987 -0.607694 -0.925193 1.4599 1.24448 -1.45875 -1.06984 1.21318 0.90364 -1.14473
internal_count=1254 797 457 656 232 151 102 141 69 424 79 82 355 82 345 69 102 58 81
shrinkage=0.1


Tree=4
num_leaves=14
num_cat=0
split_feature=9 9 9 7 16 2 6 0 18 5 15 18 8
split_gain=167.084 282.77 92.965 27.319 13.6999 15.5767 7.1388 6.36104 1.72342 1.57199 0.760587 0.271388 0.00135419
threshold=0.025396825500000005 1.0000000180025095e-35 0.036507936500000011 0.16905716550000002 0.15726294550000003 0.011302682000000003 0.11683419800000001 0.012046485500000001 0.24360422300000004 0.9661679700000001 0.41586546000000008 0.19953586000000004 1.0000000180025095e-35
decision_type=2 2 2 2 2 2 2 2 2 2 2 2 2
left_child=1 9 -2 4 5 -4 10 -5 -7 -1 -6 -9 -3
right_child=2 12 3 7 6 8 -8 11 -10 -11 -12 -13 -14
leaf_value=0.15634315505349017 0.15596736312902634 -0.16366761825129161 0.076843886612307524 -0.031655287321793582 0.11136750400585478 -0.066931189186516901 0.0019992092102129456 -0.12121835738586173 -0.1538404248759099 0.094185234345844304 0.16491222831757285 -0.15572497315437508 -0.1526422306018782
leaf_count=164 328 39 36 34 21 21 21 20 20 20 32 39 459
internal_value=0 -0.704924 0.827826 -0.137197 0.404764 -0.20835 1.03775 -1.02435 -1.09614 1.49335 1.4426 -1.44347 -1.53596
internal_count=1254 682 572 244 151 77 74 93 41 184 53 59 498
shrinkage=0.1


Tree=5
num_leaves=12
num_cat=0
split_feature=9 9 9 17 20 2 17 18 5 6 6
split_gain=142.205 242.158 80.4388 37.9387 23.8573 7.64937 5.33307 2.97067 1.54437 0.59317 0.213477
threshold=0.025396825500000005 1.0000000180025095e-35 0.036507936500000011 0.085410334500000018 0.32216216200000009 0.022605364000000006 0.120972644 0.20556824950000005 0.9661679700000001 0.083210867500000021 0.040784137000000005
decision_type=2 2 2 2 2 2 2 2 2 2 2
left_child=1 8 -2 4 7 -6 10 9 -1 -4 -5
right_child=2 -3 3 6 5 -7 -8 -9 -10 -11 -12
leaf_value=0.14822721943120259 0.14795971262965488 -0.14601765034384648 0.15882908457686548 -0.12453819233299582 0.016381014668879219 -0.14775664434081562 -0.044573018534515965 0.052402285275050177 0.086168380549475829 0.11306704306871801 -0.15379055191114943
leaf_count=164 328 498 48 25 28 23 37 20 20 20 43
internal_value=0 -0.669006 0.776537 -0.127068 0.591948 -0.557406 -1.07864 1.24851 1.4101 1.45532 -1.43421
internal_count=1254 682 572 244 139 51 105 88 184 68 68
