tree
version=v2
num_class=1
num_tree_per_iteration=1
label_index=0
max_feature_idx=14
objective=binary sigmoid:1
feature_names=junction methylation cons_2 repeat H3k27ac ALU cons_1 TF graph_74 graph_9 graph_56 graph_55 graph_33 graph_59 SNP
feature_infos=[0:1] [0:1] [0:1] [0:1] [0:1] [0:0.989795918] [-0.72149616900000002:1] [0:1] [0:1] [0:1] [0:0.83332365099999994] [0:0.89592785799999997] [0:1] [0:1] [0:1]
tree_sizes=1646 1642 1634 1565 1647 1639 1651 1649 1649 1657 1650 1663 1653 1656 1653 1653 1660 1647 1652 1652 1651 1570 1488 1491

Tree=0
num_leaves=20
num_cat=0
split_feature=13 10 12 12 12 3 3 0 12 0 0 6 13 0 6 0 10 13 9
split_gain=730.18 218.497 107.277 96.3258 82.6587 75.9681 52.9553 29.4013 32.3365 25.9247 40.5415 19.3951 19.1493 18.3064 17.8716 16.3347 14.7773 19.9955 12.6066
threshold=0.20177123000000002 0.18992268550000002 0.16301669400000002 0.097671540000000015 0.18182764700000001 0.022772448500000004 0.011302682000000003 0.00079057300000000014 1.0000000180025095e-35 1.0000000180025095e-35 0.0074112220000000003 0.062464482500000008 0.26411949950000008 0.0077844195000000014 0.19445696250000002 0.0011523025000000004 0.081842086000000022 0.23092196550000002 0.071374809500000011
decision_type=2 2 2 2 2 2 2 2 2 2 2 2 2 2 2 2 2 2 2
left_child=1 3 9 5 6 7 16 8 -1 -3 -11 -10 -6 -9 -5 -7 17 -2 -19
right_child=4 2 -4 14 12 15 -8 13 11 10 -12 -13 -14 -15 -16 -17 -18 18 -20
leaf_value=-0.10700702754583241 -0.11025557529858279 0.1543635723442123 -0.15052491990995126 -0.183808894151305 -0.19082195812151731 0.14076820210163576 0.18528634934733448 -0.20069749330718067 -0.057791060054892207 -0.20293664877467193 0.13811002163047287 0.10889598252606154 0.025926671990050353 -0.092028821418538312 -0.082456821194745081 -0.019380949232029869 0.1295745962805144 0.006288979195866482 0.13934290482779926
leaf_count=169 30 203 75 611 32 73 608 124 52 23 35 60 33 125 79 39 121 57 57
internal_value=0 -0.793879 0.647115 -1.15743 1.41164 -0.599585 1.57365 -0.915872 -0.471922 1.25292 0.0727306 0.361006 -0.762607 -1.41625 -1.67621 0.896149 0.826725 0.392891 0.775372
internal_count=2606 1668 336 1332 938 642 873 530 281 261 58 112 65 249 690 112 265 144 114
shrinkage=1


Tree=1
num_leaves=20
num_cat=0
split_feature=7 7 7 12 3 0 0 12 0 8 11 7 12 5 7 11 14 12 3
split_gain=786.653 801.75 266.011 129.141 60.2671 15.0374 10.3274 8.91883 7.15519 10.5847 5.37134 2.63971 2.3972 1.31636 1.14386 0.442111 1.10182 0.436575 0.377933
threshold=0.025396825500000005 1.0000000180025095e-35 0.036507936500000011 0.11228293050000002 0.011302682000000003 1.0000000180025095e-35 0.0077844195000000014 1.0000000180025095e-35 0.0011523025000000004 0.15546125050000001 0.081696022500000007 0.11269841250000001 0.17156917900000004 0.17701247200000003 0.076190476500000007 0.31699466850000008 0.00020559750000000003 0.099035139000000008 0.011302682000000003
decision_type=2 2 2 2 2 2 2 2 2 2 2 2 2 2 2 2 2 2 2
left_child=1 13 -2 4 5 7 -7 -4 17 -10 -5 -8 14 15 -12 -1 -17 -6 -3
right_child=2 18 3 10 8 6 11 -9 9 -11 12 -13 -14 -15 -16 16 -18 -19 -20
leaf_value=-0.19099045960533936 -0.18778919999679022 0.19506413524417801 -0.020332272153751413 -0.050785617980058186 0.18417057285741389 -0.18528540867750887 0.016911563762809438 0.12553912767966344 -0.0251168863036146 0.15476493596989288 -0.10143065907709031 -0.080010481746623452 -0.17931919991629272 -0.13025525805605173 -0.15658940107148961 -0.12782077384975254 -0.18749665504437943 0.14734969252008018 0.18583384894112251
leaf_count=216 768 399 38 23 105 27 24 30 20 38 36 21 80 20 29 20 44 20 648
internal_value=0 1.06526 -1.14048 0.0129772 0.754715 -0.234265 -0.87256 0.440543 1.51343 0.92661 -1.41405 -0.283213 -1.55729 -1.8246 -1.26346 -1.86107 -1.69201 1.78463 1.89385
internal_count=2606 1347 1259 491 323 140 72 68 183 58 168 45 145 300 65 280 64 125 1047
shrinkage=0.1


Tree=2
num_leaves=20
num_cat=0
split_feature=7 7 7 13 7 12 7 0 12 3 11 1 11 13 1 13 3 13 13
split_gain=650.66 663.444 221.441 132.88 49.2182 27.1656 21.4985 12.7553 11.3347 6.07283 3.9465 3.23009 2.82779 1.62696 0.594565 0.27398 0.233935 0.205261 0.116944
threshold=0.025396825500000005 1.0000000180025095e-35 0.036507936500000011 0.20177123000000002 0.050793650500000016 0.074545152000000017 0.061904762000000009 0.0011784105000000003 0.13191959450000004 0.011302682000000003 0.062315676000000007 0.25816081000000007 0.047171886000000003 0.25066507650000008 0.10832970000000001 0.19986088250000003 0.033908046000000004 0.18089437100000003 0.20742981300000005
decision_type=2 2 2 2 2 2 2 2 2 2 2 2 2 2 2 2 2 2 2
left_child=1 13 18 4 -4 6 -6 10 9 11 -8 -5 -7 17 -11 -3 -14 -1 -2
right_child=2 15 3 8 5 12 7 -9 -10 14 -12 -13 16 -15 -16 -17 -18 -19 -20
leaf_value=-0.17386777334451303 -0.17162619859329767 0.17875758220454438 0.18921767692370156 0.13250084456530789 -0.18880957838914258 -0.087356341361832415 0.03674577619166576 -0.07176418135129671 -0.012040330946816275 0.12961609539919375 0.16076247308852476 0.020905889969673096 -0.17334019507299725 -0.11024714470069333 0.17083234535292255 0.17070712054850179 -0.14709453213596516 -0.15244418391891443 -0.18393308399367514
leaf_count=247 697 425 24 21 24 20 20 29 21 20 22 21 126 20 118 622 25 33 71
internal_value=0 0.978373 -1.04677 0.0118408 -0.861284 -1.1122 -0.249086 0.309388 1.27727 1.44215 1.01722 0.770439 -1.5952 -1.67328 1.65005 1.74023 -1.69122 -1.7142 -1.72817
internal_count=2606 1347 1259 491 290 266 95 71 201 180 42 42 171 300 138 1047 151 280 768
shrinkage=0.1


Tree=3
num_leaves=19
num_cat=0
split_feature=7 7 7 7 7 3 3 10 10 1 5 3 11 2 7 3 10 3
split_gain=545.846 557.349 187.561 77.0248 66.7229 30.3773 14.5973 8.95944 5.95362 4.72457 4.55152 7.97192 3.66934 1.60395 1.28646 0.637087 0.103269 0.0753861
threshold=0.025396825500000005 1.0000000180025095e-35 0.036507936500000011 0.050793650500000016 0.061904762000000009 0.011302682000000003 1.0000000180025095e-35 0.14406262750000001 0.11851214100000002 0.74549225200000013 0.029040404000000002 0.056513410000000007 0.17740471850000003 0.96871812300000015 0.22539682550000004 0.16604010050000004 1.0000000180025095e-35 0.011302682000000003
decision_type=2 2 2 2 2 2 2 2 2 2 2 2 2 2 2 2 2 2
left_child=1 13 -2 17 -5 6 7 9 10 12 -7 -12 -6 15 -10 -1 -3 -4
right_child=2 16 3 4 5 8 -8 -9 14 -11 11 -13 -14 -15 -16 -17 -18 -19
leaf_value=-0.16357367297868255 -0.16129283583991497 0.16925206422767036 0.18391495170971911 -0.16873857849285928 0.018542515125832895 0.12337660660164716 -0.16527365836253879 0.077911849776339637 0.15511112597860147 -0.13374190350924597 -0.065979267798272512 0.10180821726104075 -0.081363001152980508 -0.10838159774951291 0.089836689752134991 -0.12247136892228748 0.16098027996693132 0.16228210845438762
leaf_count=251 768 153 22 116 38 22 34 32 42 20 26 22 25 29 20 20 894 72
internal_value=0 0.911594 -0.972794 0.0110126 -0.382348 0.155557 -0.468882 -0.126876 0.877954 -0.479014 0.46578 0.107761 -0.205596 -1.55591 1.34344 -1.60608 1.62241 1.67806
internal_count=2606 1347 1259 491 397 281 149 115 132 83 70 48 63 300 62 271 1047 94
shrinkage=0.1


Tree=4
num_leaves=20
num_cat=0
split_feature=0 2 0 4 4 3 10 4 10 3 3 10 2 8 8 8 0 3 3
split_gain=155.053 263.853 127.858 76.1757 55.5916 28.1702 24.0069 19.5812 17.8262 16.6496 12.0247 11.2503 7.59061 6.29896 5.94692 5.77336 5.74763 6.32398 4.41852
threshold=1.0000000180025095e-35 0.72441346500000015 0.0074112220000000003 0.0039564560000000014 1.0000000180025095e-35 0.033908046000000004 0.12454249700000002 0.0065520185000000003 0.11967685900000001 0.011302682000000003 1.0000000180025095e-35 0.14406262750000001 0.62580754850000009 0.26104492050000005 0.1753931705 0.17595564200000002 0.0051008285000000006 0.033908046000000004 0.033908046000000004
decision_type=2 2 2 2 2 2 2 2 2 2 2 2 2 2 2 2 2 2 2
left_child=1 12 16 -4 8 11 7 18 -3 10 15 13 -1 -5 -7 -9 -2 -18 -6
right_child=2 4 3 5 6 14 -8 9 -10 -11 -12 -13 -14 -15 -16 -17 17 -19 -20
